99
16 0 4.32828e-16 0
17 0 5.66815e-16 0
18 0 4.32828e-16 0
19 0 5.66815e-16 0
20 0 4.32828e-16 0
21 0 5.66815e-16 0
22 0 4.32828e-16 0
23 0 5.66815e-16 0
24 0 4.32828e-16 0
25 0 5.66815e-16 0
26 0 4.32828e-16 0
27 0 5.66815e-16 0
28 0 4.32828e-16 0
29 0 5.66815e-16 0
30 0 4.32828e-16 0
31 0 5.66815e-16 0
32 0 4.32828e-16 0
33 0 5.66815e-16 0
34 0 4.32828e-16 0
35 0 5.66815e-16 0
36 0 4.32828e-16 0
37 0 5.66815e-16 0
38 0 4.32828e-16 0
39 0 5.66815e-16 0
40 0 4.32828e-16 0
41 0 5.66815e-16 0
42 0 4.32828e-16 0
43 0 5.66815e-16 0
44 0 4.32828e-16 0
45 0 5.66815e-16 0
46 0 4.32828e-16 0
47 0 5.66815e-16 0
48 0 6.68926e-16 0
49 0 6.68926e-16 0
50 0 4.98604e-16 0
51 0 6.68926e-16 0
52 0 6.11759e-16 0
53 0 6.11759e-16 0
54 0 4.98604e-16 0
55 0 6.68926e-16 0
56 0 6.68926e-16 0
57 0 4.98604e-16 0
58 0 4.98604e-16 0
59 0 6.11759e-16 0
60 0 4.13039e-14 0
61 0 4.98604e-16 0
62 0 6.68926e-16 0
63 0 6.68926e-16 0
64 0 1.47271e-14 0
65 0 4.98604e-16 0
66 0 6.11759e-16 0
67 0 4.98604e-16 0
68 0 2.17296e-14 0
69 0 6.68926e-16 0
70 0 6.68926e-16 0
71 0 4.98604e-16 0
72 0 6.11759e-16 0
73 0 4.98604e-16 0
74 0 6.68926e-16 0
75 0 4.98604e-16 0
76 0 6.11759e-16 0
77 0 6.11759e-16 0
78 0 4.98604e-16 0
79 0 6.68926e-16 0
80 0 6.11759e-16 0
81 0 4.98604e-16 0
82 0 6.11759e-16 0
83 0 6.11759e-16 0
84 0 4.98604e-16 0
85 0 6.68926e-16 0
86 0 6.11759e-16 0
87 0 4.98604e-16 0
88 0 6.11759e-16 0
89 0 6.68926e-16 0
90 0 4.98604e-16 0
91 0 6.68926e-16 0
92 0 6.11759e-16 0
93 0 6.11759e-16 0
94 0 6.68926e-16 0
95 0 4.98604e-16 0
96 0 6.68926e-16 0
97 0 2.51902e-14 0
98 0 6.11759e-16 0
99 0 6.11759e-16 0
